unity_time;FPS
0.000;115.41
0.100;117.89
0.200;119.95
0.300;120.70
0.400;121.30
0.500;119.46
0.600;120.57
0.700;120.89
0.800;120.08
0.900;110.39
1.000;88.68
1.100;75.45
1.200;68.05
1.300;64.58
1.400;62.59
1.500;61.65
1.600;60.75
1.700;60.16
1.800;60.30
1.900;60.42
2.000;58.81
2.100;59.58
2.200;59.65
2.300;55.68
2.400;52.27
2.500;47.95
2.600;45.34
2.700;50.92
2.800;55.34
2.900;57.59
3.000;58.98
3.100;59.65
3.200;59.76
3.300;60.29
3.400;56.42
3.500;58.25
3.600;58.26
3.700;57.05
3.800;57.87
3.900;59.69
4.000;60.17
4.100;60.12
4.200;60.37
4.300;60.10
4.400;60.07
4.500;58.84
4.600;58.94
4.700;59.64
4.800;59.62
4.900;58.51
5.000;59.36
5.100;59.13
5.200;93.72
5.300;116.34
5.400;120.06
5.500;118.14
5.600;118.01
5.700;120.04
5.800;118.23
5.900;117.17
6.000;118.55
6.100;118.60
6.200;119.65
6.300;117.45
6.400;114.84
6.500;117.49
6.600;120.10
6.700;121.35
6.800;112.40
6.900;104.06
7.000;113.87
7.100;115.23
7.200;105.04
7.300;105.04
7.400;89.45
7.500;108.17
7.600;117.20
7.700;106.89
7.800;107.52
7.900;117.73
8.000;119.47
8.100;123.25
8.200;119.95
8.300;119.97
8.400;120.48
8.500;92.08
8.600;107.62
8.700;104.50
8.800;107.38
8.900;117.86
9.000;120.35
9.100;123.71
9.200;118.70
9.300;116.38
9.400;119.22
9.500;113.28
9.600;88.02
9.700;107.72
9.800;118.32
9.900;93.92
10.000;80.20
10.100;70.97
10.200;64.88
10.300;103.76
10.400;115.50
10.500;120.05
10.600;121.81
10.700;122.66
10.800;123.80
10.900;124.59
11.000;122.23
11.100;121.07
11.200;121.61
11.300;121.53
11.400;122.54
11.500;121.58
11.600;117.03
11.700;120.34
11.800;114.36
11.900;91.07
12.000;76.48
12.100;91.84
12.200;108.00
12.300;85.73
12.400;74.48
12.500;78.31
12.600;109.17
12.700;103.76
12.800;114.12
12.900;119.81
13.000;120.53
13.100;117.60
13.200;118.67
13.300;120.67
13.400;119.69
13.500;119.66
13.600;119.47
13.700;115.65
13.800;115.09
13.900;119.90
14.000;120.75
14.100;121.18
14.200;121.99
14.300;122.12
14.400;123.03
14.500;118.77
14.600;125.43
14.700;123.35
14.800;123.84
14.900;122.00
15.000;120.01
15.100;114.08
15.200;113.47
15.300;99.93
15.400;115.53
15.500;111.03
15.600;120.74
15.700;123.62
15.800;121.54
15.900;120.53
16.000;122.78
16.100;121.81
16.200;121.97
16.300;119.85
16.400;119.78
16.500;121.64
16.600;122.11
16.700;121.00
16.800;121.16
16.900;119.64
17.000;119.76
17.100;119.99
17.200;122.30
17.300;120.02
17.400;125.88
17.500;117.37
17.600;123.12
17.700;120.67
17.800;121.27
17.900;120.25
18.000;120.51
18.100;113.45
18.200;115.76
18.300;119.79
18.400;119.44
18.500;121.93
18.600;113.58
18.700;119.00
18.800;119.76
18.900;120.34
19.000;120.45
19.100;121.25
19.200;121.37
19.300;121.15
19.400;116.03
19.500;120.26
19.600;120.38
19.700;120.39
19.800;123.26
19.900;121.00
20.000;121.49
20.100;122.71
20.200;122.50
20.300;122.44
20.400;121.05
20.500;123.91
20.600;122.42
20.700;122.11
20.800;122.36
20.900;121.50
21.000;121.34
21.100;121.41
21.200;120.47
21.300;120.65
21.400;121.49
21.500;120.49
21.600;118.43
21.700;124.12
21.800;116.02
21.900;116.94
22.000;120.32
22.100;122.11
22.200;122.37
22.300;122.09
22.400;121.86
22.500;121.19
22.600;121.38
22.700;120.85
22.800;117.44
22.900;114.81
23.000;121.01
23.100;120.69
23.200;120.12
23.300;121.01
23.400;122.76
23.500;120.25
23.600;93.33
23.700;77.73
23.800;68.78
23.900;64.59
24.000;63.15
24.100;61.31
24.200;61.08
24.300;58.05
24.400;59.22
24.500;59.40
24.600;58.70
24.700;59.05
24.800;59.42
24.900;60.13
25.000;60.36
25.100;59.65
25.200;60.46
25.300;60.21
25.400;60.19
25.500;60.48
25.600;59.83
25.700;60.07
25.800;59.85
25.900;59.71
26.000;59.74
26.100;60.02
26.200;60.23
26.300;58.44
26.400;54.87
26.500;49.79
26.600;46.65
26.700;44.41
26.800;48.34
26.900;51.30
27.000;47.66
27.100;53.12
27.200;52.02
27.300;55.65
27.400;56.44
27.500;56.62
27.600;55.24
27.700;50.49
27.800;84.00
27.900;110.52
28.000;118.63
28.100;121.94
28.200;121.35
28.300;120.67
28.400;122.13
28.500;121.40
28.600;120.46
28.700;114.19
28.800;118.85
28.900;99.22
29.000;113.79
29.100;118.36
29.200;117.70
29.300;122.51
29.400;121.35
29.500;122.67
29.600;121.42
29.700;118.38
29.800;118.46
29.900;90.17
30.000;76.13
30.100;67.49
30.200;63.99
30.300;61.92
30.400;61.70
30.500;60.94
30.600;60.15
30.700;59.31
30.800;60.01
30.900;60.18
31.000;60.67
31.100;60.53
31.200;60.25
31.300;60.33
31.400;59.96
31.500;55.89
31.600;57.92
31.700;59.10
31.800;59.10
31.900;59.91
32.000;59.71
32.100;60.39
32.200;56.99
32.300;58.09
32.400;54.96
32.500;49.96
32.600;46.58
32.700;44.39
32.800;42.94
32.900;41.94
33.000;41.20
33.100;40.81
33.200;40.66
33.300;45.79
33.400;51.54
33.500;55.66
33.600;57.73
33.700;59.11
33.800;59.67
33.900;55.62
34.000;52.86
34.100;59.89
34.200;60.08
34.300;102.14
34.400;95.65
34.500;112.29
34.600;118.95
34.700;110.71
34.800;118.31
34.900;101.57
35.000;111.85
35.100;119.16
35.200;120.13
35.300;121.60
35.400;122.92
35.500;121.27
35.600;122.36
35.700;121.33
35.800;120.61
35.900;136.82
36.000;127.66
36.100;140.35
36.200;151.32
36.300;152.30
36.400;173.45
36.500;206.56
36.600;198.82
36.700;139.64
36.800;119.38
36.900;176.09
37.000;201.90
37.100;188.16
37.200;204.01
37.300;185.36
37.400;204.57
37.500;208.42
37.600;209.74
37.700;208.01
37.800;205.34
37.900;168.40
38.000;132.84
38.100;125.50
38.200;121.68
38.300;121.29
38.400;92.57
38.500;105.36
38.600;116.87
38.700;120.04
38.800;120.88
38.900;120.99
39.000;122.36
39.100;122.39
39.200;121.66
39.300;121.90
39.400;120.63
39.500;122.13
39.600;121.96
39.700;121.75
39.800;121.00
39.900;120.46
40.000;121.19
40.100;120.53
40.200;107.76
40.300;85.28
40.400;77.16
40.500;107.30
40.600;117.43
40.700;93.43
40.800;104.61
40.900;83.88
41.000;72.92
41.100;101.05
41.200;106.92
41.300;97.00
41.400;114.59
41.500;118.77
41.600;120.27
41.700;115.79
41.800;123.21
41.900;108.83
42.000;107.84
42.100;117.11
42.200;122.02
42.300;121.24
42.400;121.27
42.500;120.31
42.600;112.31
42.700;119.49
42.800;120.76
42.900;120.24
43.000;116.24
43.100;123.39
43.200;121.33
43.300;121.19
43.400;120.94
43.500;121.03
43.600;110.54
43.700;142.24
43.800;121.86
43.900;132.33
44.000;179.40
44.100;179.83
44.200;149.02
44.300;135.08
44.400;161.24
44.500;167.83
44.600;184.45
44.700;173.52
44.800;167.60
44.900;191.04
45.000;178.26
45.100;159.59
45.200;163.14
45.300;168.28
45.400;172.18
45.500;165.36
45.600;135.32
45.700;124.40
45.800;123.21
45.900;121.92
46.000;123.63
46.100;120.28
46.200;119.56
46.300;118.73
46.400;122.00
46.500;121.76
46.600;110.16
46.700;105.51
46.800;100.37
46.900;94.85
47.000;96.37
47.100;98.37
47.200;114.05
47.300;114.31
47.400;118.70
47.500;114.95
47.600;118.98
47.700;120.02
47.800;119.33
47.900;119.62
48.000;120.47
48.100;118.45
48.200;118.80
48.300;119.21
48.400;124.02
48.500;119.59
48.600;121.09
48.700;120.10
48.800;120.41
48.900;116.66
49.000;116.00
49.100;112.16
49.200;118.43
49.300;114.69
49.400;118.47
49.500;120.39
49.600;117.46
49.700;120.36
49.800;121.72
49.900;121.00
50.000;118.23
50.100;118.02
50.200;121.01
50.300;116.42
50.400;118.09
50.500;120.44
50.600;119.29
50.700;118.97
50.800;118.50
50.900;122.82
51.000;124.80
51.100;125.82
51.200;123.19
51.300;123.53
51.400;109.08
51.500;115.95
51.600;120.42
51.700;122.02
51.800;119.97
51.900;121.20
52.000;119.56
52.100;119.32
52.200;121.22
52.300;120.96
52.400;119.78
52.500;121.06
52.600;120.94
52.700;121.09
52.800;120.98
52.900;120.04
53.000;122.23
53.100;123.53
53.200;116.82
53.300;119.58
53.400;121.39
53.500;113.01
53.600;118.09
53.700;117.82
53.800;119.03
53.900;119.90
54.000;115.16
54.100;115.66
54.200;120.39
54.300;119.95
54.400;120.36
54.500;120.37
54.600;121.64
54.700;120.28
54.800;121.00
54.900;115.27
55.000;112.61
55.100;107.36
55.200;110.51
55.300;115.12
55.400;118.54
55.500;120.78
55.600;121.16
55.700;121.10
55.800;120.48
55.900;119.91
56.000;121.24
56.100;119.63
56.200;115.34
56.300;119.15
56.400;108.00
56.500;116.95
56.600;119.44
56.700;118.63
56.800;120.32
56.900;117.17
57.000;126.78
57.100;122.04
57.200;122.76
57.300;123.92
57.400;121.78
57.500;122.45
57.600;120.64
57.700;120.90
57.800;120.27
57.900;119.04
58.000;119.98
58.100;117.05
58.200;117.89
58.300;120.34
58.400;119.41
58.500;116.10
58.600;119.01
58.700;116.16
58.800;119.73
58.900;113.32
59.000;118.90
59.100;120.45
59.200;121.67
59.300;120.66
59.400;119.28
59.500;119.22
59.600;121.03
59.700;120.95
59.800;117.38
59.900;117.24
60.000;117.43
60.100;119.54
60.200;120.28
60.300;117.35
60.400;117.64
60.500;116.82
60.600;119.22
60.700;119.60
60.800;118.26
60.900;114.40
61.000;119.41
61.100;119.18
61.200;125.26
61.300;122.52
61.400;118.01
61.500;118.21
61.600;120.87
61.700;121.27
61.800;122.13
61.900;116.21
62.000;115.08
62.100;118.36
62.200;119.11
62.300;118.84
62.400;119.01
62.500;121.49
62.600;120.82
62.700;118.18
62.800;116.42
62.900;118.04
63.000;116.78
63.100;115.17
63.200;119.69
63.300;119.40
63.400;118.77
63.500;114.06
63.600;115.71
63.700;121.15
63.800;120.51
63.900;122.58
64.000;121.02
64.100;119.86
64.200;117.54
64.300;115.90
64.400;117.80
64.500;123.01
64.600;121.40
64.700;120.56
64.800;116.22
64.900;116.35
65.000;120.30
65.100;119.08
65.200;120.43
65.300;118.80
65.400;120.80
65.500;123.29
65.600;119.10
65.700;120.21
65.800;119.87
65.900;120.92
66.000;122.50
66.100;121.38
66.200;120.68
66.300;121.27
66.400;120.06
66.500;116.30
66.600;109.66
66.700;105.16
66.800;116.84
66.900;119.40
67.000;117.25
67.100;120.22
67.200;114.76
67.300;118.08
67.400;118.60
67.500;120.78
67.600;123.63
67.700;105.64
67.800;115.95
67.900;113.74
68.000;118.30
68.100;118.98
68.200;120.56
68.300;112.59
68.400;119.73
68.500;116.92
68.600;119.34
68.700;119.73
68.800;122.10
68.900;120.95
69.000;117.69
69.100;116.03
69.200;119.52
69.300;120.55
69.400;116.91
69.500;119.04
69.600;119.16
69.700;115.88
69.800;113.60
69.900;117.29
70.000;116.95
70.100;115.48
70.200;115.38
70.300;119.62
70.400;120.19
70.500;124.76
70.600;120.51
70.700;107.82
70.800;116.97
70.900;117.79
71.000;119.41
71.100;116.25
71.200;119.17
71.300;120.95
71.400;119.37
71.500;116.11
71.600;117.50
71.700;120.05
71.800;117.62
71.900;117.83
72.000;117.83
72.100;119.53
72.200;120.08
72.300;120.54
72.400;117.82
72.500;117.02
72.600;119.52
72.700;120.09
72.800;120.77
72.900;120.48
73.000;114.25
73.100;118.14
73.200;119.46
73.300;101.28
73.400;107.48
73.500;117.99
73.600;119.28
73.700;122.97
73.800;121.52
73.900;122.57
74.000;125.33
74.100;125.29
74.200;119.59
74.300;121.41
74.400;121.85
74.500;119.99
74.600;122.73
74.700;118.24
74.800;123.38
74.900;119.76
75.000;119.93
75.100;119.77
75.200;125.12
75.300;123.98
75.400;120.73
75.500;122.05
75.600;119.83
75.700;122.42
75.800;121.87
75.900;122.11
76.000;117.57
76.100;119.94
76.200;122.32
76.300;121.52
76.400;120.71
76.500;121.64
76.600;117.78
76.700;114.68
76.800;114.26
76.900;118.96
77.000;113.45
77.100;112.82
77.200;117.97
77.300;113.77
77.400;113.31
77.500;119.25
77.600;121.22
77.700;123.32
77.800;120.79
77.900;115.19
78.000;117.49
78.100;124.43
78.200;123.43
78.300;122.54
78.400;124.77
78.500;121.64
78.600;121.81
78.700;120.63
78.800;118.89
78.900;121.65
79.000;118.29
79.100;119.13
79.200;123.19
79.300;120.74
79.400;120.70
79.500;120.60
79.600;120.64
79.700;121.16
79.800;110.82
79.900;117.83
80.000;119.75
80.100;119.27
80.200;117.07
80.300;115.11
80.400;118.77
80.500;120.28
80.600;117.21
80.700;118.32
80.800;120.15
80.900;111.55
81.000;119.52
81.100;112.17
81.200;120.05
81.300;122.52
81.400;120.41
81.500;120.34
81.600;119.77
81.700;119.51
81.800;120.61
81.900;113.10
82.000;113.74
82.100;117.96
82.200;116.03
82.300;118.93
82.400;119.25
82.500;120.02
82.600;114.53
82.700;115.25
82.800;114.85
82.900;118.78
83.000;116.95
83.100;109.55
83.200;116.91
83.300;118.48
83.400;118.70
83.500;118.87
83.600;115.15
83.700;114.26
83.800;119.04
83.900;111.67
84.000;112.75
84.100;114.75
84.200;118.42
84.300;119.43
84.400;120.53
84.500;120.92
84.600;119.91
84.700;119.18
84.800;122.11
84.900;110.30
85.000;111.92
85.100;118.30
85.200;107.70
85.300;84.74
85.400;72.91
85.500;67.09
85.600;91.49
85.700;110.83
85.800;118.76
85.900;122.25
86.000;105.20
86.100;117.16
86.200;121.82
86.300;122.44
86.400;121.52
86.500;120.36
86.600;121.38
86.700;121.22
86.800;111.89
